1492
1519
1539
1454
1492
1486
1510
1485
1467
1476
1549
1605
1489
1486
1493
1533
1560
1505
1524
1501
1507
1499
1511
1525
1567
1461
1465
1582
1512
1491
1556
1537
1546
1483
1471
1525
1501
1550
1519
1451
1445
1531
1472
1454
1522
1451
1449
1459
1526
1531
1504
1478
1603
1503
1493
1486
1475
1490
1573
1472
1466
1473
1448
1540
1528
1487
1563
1436
1472
1496
1551
1452
1519
1441
1598
1470
1434
1532
1478
1558
1488
1434
1476
1520
1456
1457
1484
1456
1455
1487
1560
1553
1544
1507
1494
1554
1490
1527
1461
1475
